-4,-14,-11,-10,-2,-6,2,-6
2,10,19,-34,5,-15,-5,3
2,12,-3,-26,67,-53,8,5
-4,-11,-27,-47,-112,-9,-4,-6
0,-3,0,6,-122,-6,-4,-2
-3,-2,-6,28,39,-25,-4,-5
5,25,36,-80,58,-3,34,20
-2,-15,-4,46,-57,0,-8,-9
-5,3,-13,-4,-4,-7,8,-52
25,-31,24,-2,-5,23,-12,-13
2,-7,13,5,11,-9,1,27
13,-27,-15,-1,-6,8,19,-35
-8,35,-7,-3,1,1,-6,-5
-9,5,4,0,1,-4,27,26
3,-19,10,3,0,-14,3,10
2,-15,-5,-5,-5,-32,-1,-21
-4,-2,-6,-4,-1,6,-5,0
-2,5,3,5,0,9,-2,-5
-1,0,-4,-4,-3,6,1,14
-7,-6,0,3,-2,-3,5,1
4,-11,3,-13,-4,0,-12,-12
-1,1,-3,16,18,10,2,-1
-1,6,2,-7,-7,-5,-3,3
6,4,4,1,7,-7,-5,2
-5,6,0,1,18,-7,-10,-12
4,-11,-5,-4,-44,-4,0,13
17,13,-4,0,44,-3,6,-43
9,0,3,4,-9,-16,-14,35
-2,-4,-9,-7,43,3,-7,-19
9,-6,2,2,-27,-8,-23,16
2,-7,-17,-24,23,0,5,11
14,16,7,6,-6,-12,6,-4
0,2,6,26,-22,-7,-2,1
0,1,-1,-14,7,-3,2,4
-4,-2,-1,3,-2,1,-3,-4
2,-2,-1,-1,1,1,0,0
1,-4,-6,-4,2,-3,-2,-1
0,0,-3,3,-5,2,-2,-2
-2,0,1,-1,-1,-1,0,-3
0,-2,-1,25,9,-1,-2,-3
