-20,-2,-4,1,-3,4,-2,-18
-7,2,1,0,-1,5,6,-13
1,-4,0,-10,-5,9,-4,7
-5,-4,-6,12,3,-1,-1,1
-2,-2,-6,-16,-2,4,3,-12
-4,-5,-7,-2,-1,32,-1,-11
-7,0,-4,1,-5,13,-6,-2
-3,0,12,-10,0,6,-3,24
4,3,1,6,7,23,5,4
-4,2,1,4,1,1,1,-3
3,1,2,-4,-3,-12,-5,-7
-7,-4,2,-1,-3,7,3,6
8,-1,-4,-3,-3,-7,0,2
-1,-1,-7,-7,-2,-12,-4,-11
-7,-2,-1,0,-4,0,0,-6
-3,-2,-3,-4,-10,0,-1,1
4,3,-1,-3,4,3,-3,-4
-2,0,2,-3,-11,-5,-1,0
0,-2,-4,11,0,3,-4,-2
-8,-3,-3,-8,-9,-6,-1,-1
1,-3,-2,-7,-22,-6,-2,-2
-12,-2,-5,-2,-17,6,-5,-5
-1,4,7,49,27,4,5,42
-5,-7,-1,12,12,-6,-4,-5
-1,0,0,11,3,0,-1,0
-1,-2,-1,-1,2,-5,-1,-2
-3,-1,0,3,-8,-3,-1,-1
1,1,-3,8,6,-7,-2,-1
-2,0,0,0,-7,0,0,-1
2,-2,-4,-5,6,-6,-2,-2
-2,-1,-1,-1,-4,-4,-4,0
-1,-2,-1,5,10,-1,2,-1
